$ANSIBLE_VAULT;1.1;AES256
34343138373963313931626362333434636331313734653166323134626437633439346137633332
3839303764316464343664376366616566306635303239390a643065356662666131303037323037
30643032363438326239323230633030313961633163346132346265363838643831656236363733
3934383837633335320a376463383338313131613931326638633634633139633564383861643230
31666338663935356331613961396439373339613837653735623236323837376330386337626661
64613031663538396437396233303734653333393438383338613335383630366339633439343034
62366663636162626436353139353937653830643864336431623861373465313261653063626361
30323735616563656165656634666263636432663539633535373737666636313039666261303635
33366265386165393930303535643765643763333635366430653939373666396364303966376638
61316433326435306566303163386362333239303266333137626531616337353031346237623965
30366135323532393330336630653961643436333436363435316263386435356539336633323564
65363338373564323164646133653339643161303366653031306633633366393032666433323863
36333065633061313339383332313031323932363937626337643366656264383936613737383532
36353065363536333433353533396235336432633534373166653039663438653563333236383630
34336334643739623037323239643338306231393063393738653531643637346666316438386138
36343164373334636330313333633831636464356437376666663237343835303233366337376466
35386230366531643861303464323561313737646534613465393230376332646531356361356637
66313163393931313538303339646161653265326533643066323364373761623431376531373461
63623635363365356162336565343166633866653937383836336263633966323534373431333766
34616462383939333937303734386238613964313866656536623061636535623934326534653666
62653561666663356635373166303766663030623936336633393431636435373762
